1048771417744871486
980510115994161222
950181691132088401
1062442311763644557
120993867133747203
1011882220400685078
628300043857821696
747558224932372595
983914775236980776
997957302319599646
1025412577360093245
1020440076024557628
1048407375742251038
1025313578363920425
1040417548509921340
980227921727881296
1006913065381531729
923977629361647626
1016772206187003965
1033089186149970040
972764036242481152
887662577637814333
811949261939933215
1048035668338675793
927689227125293097
1022452242705567754
1056690074227580948
1059911618982588597
1046496959105618041
796770621697556513
823855924586086431
674366947542171658
990453994918936628
1058048120707092620
1034510398159851611
1062577657486786560
1029787033239048342
952961312747581461
1061536197404536932
944266099560701972
948983155057107015
979880068182597713
654637974960472064
905441275937972285
1050996894073114675
989988540442087425
997869641189834804
1012075525457588244
976922590776021062
915617304119746600
122065805746765825
1061683144832581672
1031112846567800834
756051420322725928
669648096287916032
837062002798231668
649722023571881985
931535599784042496
726415781839241297
935822766844809256
997175884027002981
1050881510544265266
1056198350187282502
1053143163839189052
925701518911475774
826288919062249542
1057080583274111106
1034919167511498845
983910865311002705
906952552912945184
875102958965112894
1030549070042898487
1048753188414689290
1049022437595041903
683632617341714453
999103685898534983
1063139796475727945
1016494121407500351
1001055083741577266
717079415644749924
1016191472900505640
967591166650511410
448703702312943626
999698629877047447
1060955998002618489
1011567665933983745
1057620625444843580
1028363899088683058
904883700754448414
1035580215742697554
790637074579324958
949772558474035312
1057508818407391293
800189571509125140
802019003110916126
947078993885143088
996589878076772432
1053804914054266940
794443001199067166
646441266443190312
1061593953662685236
882672725661986886
1005877758901092402
917758412933173349
302943716489035776
597509439829835797
524289995763089412
1050472477379276861
1050877909381947493
732958722665611315
1053896954981122088
613914005194407953
582967066483752961
950090449895436288
979868007000051723
1056710066440507402
321472102819561472
730732023370612758
1010034993986289714
667877451757781016
889866956625285170
1062342212341465108
944096818604671056
1066379553364250664
992286423774408714
903009850253013072
1013491572945465486
1065486648244178964
1057166396825538560
1028924522142912582
888071580264038431
875963443423887480
763080525308231700
866529930208477206
1000776057496010842
964309786285998110
910499587339452436
934394418918723594
908770220443856916
1052527486522638417
1028340179611685026
976499154937323550
1064736978559565824
791669223390838784
772906394672300073
930600343149096961
1033328857882837052
925233932750970881
689922030463746096
1048210846150561862
1043403622412714015
1018682356967678023
934119835682627664
1043185836277117059
316948506067599361
1054057294595371079
826134364852977665
1057312929671807036
1010893376972935268
746107362435137687
1011175535705075712
1055880194327588935
1036545919979634748
911407231013122069
787689606060441620
719378771731415070
992580286963531908
1003129210589679697
879613497162481725
953664408675057766
1024228636859060274
972530763234951188
937061329490047027
953538415461294100
998864325634687047
1010115522400100394
1005754199562268704
825372127682756630
921167269009178745
727863859729137714
1041089487633133569
840720334331838535
1009413865118912635
1025135202105839727
853172256809025536
891447767937974323
914656382010159144
994398099457966091
1065639045264314441
1027909168599933019
771651123425705985
598199162957463554
1000512823723556915
975114986953257050
987046810218549258
1013689155957575763
1050764659004805171
1014972997712490506
1051042349423271996
1000091945718267944
969459142282600500
858890805615001611
978523506268581908
1020530718985687180
1015392502808838165
784159626295640105
707078606500659233
995294959580217365
1015274880624767037
771335203322200094
1060626827162423366
1063462198216757289
999385115878768650
341389821232807936
802960023537451018
833012609895890974
925625549391556619
710241543222722622
1033717516561825923
984501464418385930
923595736329900053
990014121028247593
890427068054122577
1029847000977506345
762864616065073152
1052861377888387102
1054803179461685329
1040777084043280384
756663593260417097
1026670539919601714
998801931227123762
984501908121202698
926772704567250954
869210555200700446
705617598997463050
704589782235217964
1059210930895990875
738664860446883851
996404757876969562
1050345941162528798
902953217640501258
916282783683477505
828208882723061771
531534975896518677
996391823671033978
958554119470211102
1065559515153563708
662671692643958784
361161483071258634
1052958908936884254
638947343596519454
958489945473941564
1049525661838090261
908146344538042458
1004870654190952489
1055955944359604274
995469884265873438
898700087839039509
906883883621040158
1039238772757385329
989854426586054717
1060253893923188837
947038195781087273
654617963290296320
967435810490179595
120993867133747203
1015862264542273546
1056582927649087518
1027539896166006856
733592162037661746
820467923020939326
984501396407730237
1012348920472555642
1032820309386084352
999676911615741992
977998767255076924
1055553788376793098
1055512421466394695
1050330807006412830
1002226238691233923
1065937204158939177
984499433406332948
675072321358397453
1056383951402455180
1042706278818009178
975264597449785374
901483009214124052
980642406926024734
1002693187535646843
583766934013608118
1032393845821935697
738620732480946250
1051371580057473084
1049459353364738088
844954962995838987
1038224387758891090
1022887814947418193
765991720067268719
992018634379640943
926402576327540786
1061362463951564861
968944354951577643
984500286695542814
867178642974179366
963337827138019379
917978702455926784
950753433751789588
207611492810489856
984502406253535322
1057822486869319760
642057393487740929
999105148754350200
758639597244121090
1043550134249726012
1053366271992930325
1042777447613079582
931222461737992272
1064977351357767710
1062729785022873710
1041689270148153424
712641101030227978
803647441421336616
956987899323220039
733321139828293672
851496536407015495
467365847908745218
1055964598303473825
810756618152968214
989950683820212314
1004001646533169183
1042617105671012403
1033911288914509865
1063066140965875753
1005610232141066314
415810128529588224
854727535867068446
1061378233431494736
1042943983585853602
1052393476605620254
982524275237986305
1047985010562572298
984502344395939890
1053583417322766396
987577990240165968
484061052963782706
603377520892575744
1023353280140673034
1031117850850631721
1010633896595046400
845712520106475540
1009691804800647179
990340386285293599
459008449314029568
344984472426381333
852906204157837382
806152539161624606
852706856634679336
668475120519741440
852888394455580712
529167697389420564
738197529841369250
800889873061773342
927477501196926997
1059304286653267968
1031951434897432616
1004761401958596698
1018850618007359539
1064241396766212239
1051573075029786724
